======================================================================
  UNSW-NB15 Dataset — Statistical Summary
======================================================================

─── Training Set ───
  Shape       : (82332, 45)
  Missing     : 0
  Duplicates  : 0
  Normal      : 37,000
  Anomaly     : 45,332

─── Testing Set ───
  Shape       : (175341, 45)
  Missing     : 0
  Duplicates  : 0
  Normal      : 56,000
  Anomaly     : 119,341

─── Numeric Feature Statistics (Training) ───

                 id           dur         spkts         dpkts        sbytes        dbytes          rate          sttl          dttl         sload         dload         sloss         dloss        sinpkt        dinpkt          sjit           djit         swin         stcpb         dtcpb         dwin        tcprtt        synack        ackdat         smean         dmean   trans_depth  response_body_len    ct_srv_src  ct_state_ttl    ct_dst_ltm  ct_src_dport_ltm  ct_dst_sport_ltm  ct_dst_src_ltm  is_ftp_login    ct_ftp_cmd  ct_flw_http_mthd    ct_src_ltm    ct_srv_dst  is_sm_ips_ports         label
count  82332.000000  82332.000000  82332.000000  82332.000000  8.233200e+04  8.233200e+04  8.233200e+04  82332.000000  82332.000000  8.233200e+04  8.233200e+04  82332.000000  82332.000000  82332.000000  82332.000000  8.233200e+04   82332.000000  82332.00000  8.233200e+04  8.233200e+04  82332.00000  82332.000000  82332.000000  82332.000000  82332.000000  82332.000000  82332.000000       8.233200e+04  82332.000000  82332.000000  82332.000000      82332.000000      82332.000000    82332.000000  82332.000000  82332.000000      82332.000000  82332.000000  82332.000000     82332.000000  82332.000000
mean   41166.500000      1.006756     18.666472     17.545936  7.993908e+03  1.323379e+04  8.241089e+04    180.967667     95.713003  6.454902e+07  6.305470e+05      4.753692      6.308556    755.394301    121.701284  6.363075e+03     535.180430    133.45908  1.084642e+09  1.073465e+09    128.28662      0.055925      0.029256      0.026669    139.528604    116.275069      0.094277       1.595372e+03      9.546604      1.369273      5.744923          4.928898          3.663011        7.456360      0.008284      0.008381          0.129743      6.468360      9.164262         0.011126      0.550600
std    23767.345519      4.710444    133.916353    115.574086  1.716423e+05  1.514715e+05  1.486204e+05    101.513358    116.667722  1.798618e+08  2.393001e+06     64.649620     55.708021   6182.615732   1292.378499  5.672402e+04    3635.305383    127.35700  1.390860e+09  1.381996e+09    127.49137      0.116022      0.070854      0.055094    208.472063    244.600271      0.542922       3.806697e+04     11.090289      1.067188      8.418112          8.389545          5.915386       11.415191      0.091171      0.092485          0.638683      8.543927     11.121413         0.104891      0.497436
min        1.000000      0.000000      1.000000      0.000000  2.400000e+01  0.000000e+00  0.000000e+00      0.000000      0.000000  0.000000e+00  0.000000e+00      0.000000      0.000000      0.000000      0.000000  0.000000e+00       0.000000      0.00000  0.000000e+00  0.000000e+00      0.00000      0.000000      0.000000      0.000000     24.000000      0.000000      0.000000       0.000000e+00      1.000000      0.000000      1.000000          1.000000          1.000000        1.000000      0.000000      0.000000          0.000000      1.000000      1.000000         0.000000      0.000000
25%    20583.750000      0.000008      2.000000      0.000000  1.140000e+02  0.000000e+00  2.860611e+01     62.000000      0.000000  1.120247e+04  0.000000e+00      0.000000      0.000000      0.008000      0.000000  0.000000e+00       0.000000      0.00000  0.000000e+00  0.000000e+00      0.00000      0.000000      0.000000      0.000000     57.000000      0.000000      0.000000       0.000000e+00      2.000000      1.000000      1.000000          1.000000          1.000000        1.000000      0.000000      0.000000          0.000000      1.000000      2.000000         0.000000      0.000000
50%    41166.500000      0.014138      6.000000      2.000000  5.340000e+02  1.780000e+02  2.650177e+03    254.000000     29.000000  5.770032e+05  2.112951e+03      1.000000      0.000000      0.557929      0.010000  1.762392e+01       0.000000    255.00000  2.788886e+07  2.856975e+07    255.00000      0.000551      0.000441      0.000080     65.000000     44.000000      0.000000       0.000000e+00      5.000000      1.000000      2.000000          1.000000          1.000000        3.000000      0.000000      0.000000          0.000000      3.000000      5.000000         0.000000      1.000000
75%    61749.250000      0.719360     12.000000     10.000000  1.280000e+03  9.560000e+02  1.111111e+05    254.000000    252.000000  6.514286e+07  1.585808e+04      3.000000      2.000000     63.409444     63.136369  3.219332e+03     128.459914    255.00000  2.171310e+09  2.144205e+09    255.00000      0.105541      0.052596      0.048816    100.000000     87.000000      0.000000       0.000000e+00     11.000000      2.000000      6.000000          4.000000          3.000000        6.000000      0.000000      0.000000          0.000000      7.000000     11.000000         0.000000      1.000000
max    82332.000000     59.999989  10646.000000  11018.000000  1.435577e+07  1.465753e+07  1.000000e+06    255.000000    253.000000  5.268000e+09  2.082111e+07   5319.000000   5507.000000  60009.992000  57739.240000  1.483831e+06  463199.240100    255.00000  4.294950e+09  4.294881e+09    255.00000      3.821465      3.226788      2.928778   1504.000000   1500.000000    131.000000       5.242880e+06     63.000000      6.000000     59.000000         59.000000         38.000000       63.000000      2.000000      2.000000         16.000000     60.000000     62.000000         1.000000      1.000000
